97.14
97.46
97.34
98.83
99.65
98.94
99.03
98.63
97.92
97.72
98.46
99.86
100.35
100.41
99.62
97.90
96.43
95.22
94.20
94.56
93.49
93.88
90.52
90.34
92.51
93.42
92.79
92.72
93.24
94.19
95.18
93.64
93.74
94.83
97.82
104.35
105.08
105.68
105.97
107.13
106.91
107.48
109.85
112.10
112.04
110.44
109.02
108.66
108.54
110.96
109.81
111.12
109.99
108.99
109.56
107.68
105.19
105.67
106.13
106.72
105.91
105.92
105.80
105.97
104.58
102.52
102.26
101.17
101.12
101.03
101.87
103.01
101.50
100.75
100.53
96.69
96.91
96.76
96.10
94.69
96.88
96.04
96.26
98.12
96.64
93.99
93.70
94.27
94.99
95.01
94.02
96.60
96.35
94.48
96.43
97.34
94.09
93.42
99.99
99.44
101.42
96.30
96.79
96.66
97.13
99.52
97.39
99.96
98.53
96.96
96.45
100.70
102.71
105.35
105.26
107.32
108.74
106.82
108.03
108.61
107.23
107.33
106.03
108.98
111.34
110.49
112.48
113.18
116.17
115.62
118.23
118.28
119.03
115.20
116.28
117.34
118.30
117.81
118.03
118.88
117.75
119.30
118.78
117.29
113.69
114.18
112.34
115.72
116.11
116.77
120.57
121.06
120.92
122.00
122.57
121.18
119.50
120.53
119.27
114.55
115.28
119.08
115.50
113.76
113.77
111.73
111.04
111.86
110.21
111.79
111.60
112.12
109.50
110.78
111.31
110.78
110.38
109.58
110.30
109.06
112.44
114.71
115.00
114.32
113.40
115.21
113.45
113.92
116.41
116.28
115.31
114.21
112.57
110.15
112.31
109.27
110.37
112.34
107.72
112.76
113.29
112.92
109.69
103.74
103.12
105.76
112.65
115.01
116.50
117.16
115.96
115.15
115.24
113.49
119.72
115.52
115.13
115.40
114.64
118.44
121.30
122.37
122.99
123.38
122.77
124.50
125.16
125.22
130.75
132.07
129.62
128.51
126.82
125.61
125.66
123.28
120.07
122.57
125.69
126.00
126.44
126.60
125.42
124.53
126.75
127.50
128.11
127.03
127.61
126.60
127.88
127.60
126.92
127.17
128.59
128.88
127.42
127.80
128.65
129.36
130.12
129.96
130.54
130.28
131.78
132.04
129.62
132.54
131.39
130.06
130.07
130.19
128.77
128.95
126.01
125.86
126.32
127.62
125.26
125.01
125.80
128.70
128.95
125.15
128.64
130.56
132.65
130.28
129.67
128.62
126.91
127.60
124.75
126.17
126.78
126.30
126.85
127.10
126.56
125.60
126.01
127.35
125.32
124.25
124.43
126.37
123.25
124.24
123.38
126.69
127.21
125.90
127.50
128.47
127.04
124.95
123.59
124.45
122.24
124.51
127.14
126.60
126.41
128.54
129.36
129.09
128.46
130.42
128.79
132.17
133.00
129.50
128.45
128.72
127.83
127.08
126.46
124.88
122.02
119.72
118.93
119.94
119.56
118.65
118.63
117.16
118.90
115.31
109.14
113.10
112.98
112.40
109.55
108.72
105.99
106.82
109.80
110.22
109.25
112.01
111.89
107.75
106.26
106.25
109.33
110.38
112.52
113.91
113.99
112.01
112.54
112.94
111.78
112.65
109.41
106.74
108.22
109.73
111.62
111.95
114.12
112.40
115.00
115.49
115.93
114.63
115.07
118.93
119.00
117.60
118.62
116.47
116.31
114.67
115.47
113.99
114.18
112.82
111.25
109.70
108.83
109.01
108.70
108.86
108.60
109.40
108.00
106.98
107.34
106.74
105.11
105.22
104.83
102.99
102.47
99.76
97.67
96.26
97.54
98.75
99.81
100.73
101.02
100.80
98.75
99.62
99.62
99.90
99.18
100.75
100.11
100.75
97.87
101.75
102.64
101.06
100.96
101.79
101.58
100.86
101.63
101.66
101.43
101.00
97.99
98.36
98.97
98.12
98.94
103.30
102.50
102.25
102.13
100.89
101.54
101.32
100.58
100.57
100.53
99.16
97.98
97.50
97.24
95.97
95.99
94.74
94.48
94.96
95.12
95.59
96.13
95.60
98.15
98.38
99.02
97.67
97.03
97.19
94.72
93.94
94.43
93.09
94.78
95.32
96.45
95.22
95.04
95.39
95.35
95.97
94.03
93.48
93.52
92.93
91.98
90.90
90.36
90.28
90.83
90.91
91.86
92.18