4.42
4.39
4.40
4.32
4.52
4.46
4.51
4.47
4.16
4.24
4.43
4.57
4.60
4.35
4.18
4.20
4.04
3.87
3.77
3.84
3.79
3.79
3.67
3.59
3.65
3.64
3.65
3.68
3.66
3.60
3.60
3.74
3.55
3.61
3.73
3.66
3.45
3.99
2.62
2.70
2.62
2.76
2.70
2.72
2.80
2.81
2.76
2.74
2.64
2.80
2.76
2.83
2.83
2.85
2.86
2.86
2.78
2.79
2.68
2.79
2.80
2.93
2.80
2.63
2.49
2.72
2.52
2.26
2.26
2.30
2.47
2.37
2.46
2.32
2.18
2.14
2.07
2.03
2.02
1.97
2.01
1.91
1.91
1.90
1.83
1.83
1.86
1.84
1.90
1.93
1.98
2.09
2.07
1.99
2.14
2.20
2.08
2.13
2.07
2.12
2.02
2.09
1.80
1.95
2.03
2.21
2.25
2.39
2.34
2.14
2.28
2.50
2.75
2.77
2.87
2.98
3.00
3.00
2.92
2.83
2.77
2.53
2.45
2.56
2.54
2.36
2.34
2.36
2.45
2.35
2.39
2.36
2.28
2.23
2.27
2.34
2.36
2.33
2.38
2.34
2.22
2.22
2.14
2.12
1.98
1.99
1.99
2.00
2.07
2.02
2.11
2.15
2.20
2.20
2.28
2.19
2.12
2.13
2.18
2.15
2.15
2.21
2.14
2.10
2.02
2.01
1.94
1.97
1.95
1.92
1.87
1.96
1.93
1.86
1.83
1.80
1.83
1.74
1.72
1.67
1.66
1.71
1.72
1.70
1.73
1.81
1.87
1.89
1.89
1.86
1.82
2.01
1.84
1.85
1.88
1.82
1.79
1.77
1.71
1.81
1.85
1.78
1.72
1.66
1.75
1.78
1.70
1.80
1.80
1.80
1.84
1.79
1.90
1.90
1.93
2.09
2.11
2.16
2.13
2.20
1.93
1.93
1.96
1.77
1.62
1.67
1.76
1.79
1.80
1.80
1.79
1.87
1.96
2.05
1.96
1.96
1.98
2.01
2.09
2.47
2.53
2.42
2.40
2.34
2.47
2.58
2.62
2.61
2.62
2.58
2.52
2.35
2.32
2.31
2.32
2.32
2.29
2.31
2.33
2.33
2.28
2.30
2.25
2.28
2.27
2.28
2.22
2.28
2.28
2.32
2.28
2.35
2.32
2.33
2.37
2.35
2.32
2.31
2.32
2.29
2.28
2.31
2.31
2.26
2.28
2.31
2.34
2.30
2.33
2.28
2.35
2.49
2.58
2.87
2.70
2.67
2.78
2.76
2.72
2.71
2.70
2.70
2.69
2.69
2.68
2.70
2.72
2.65
2.63
2.79
2.84
2.80
2.74
2.75
2.77
2.76
2.75
2.76
2.84
2.92
2.93
2.92
2.98
3.05
3.14
3.21
3.11
3.08
3.10
3.11
3.06
3.06
3.06
3.08
3.11
3.15
3.12
3.07
3.04
3.04
3.03
3.31
2.85
2.76
2.67
2.57
2.61
2.63
2.70
2.61
2.45
2.47
2.45
2.24
2.39
2.52
2.63
2.66
2.63
2.63
2.61
2.58
2.63
2.66
2.67
2.63
2.66
2.65
2.65
2.67
2.66
2.57
2.55
2.55
2.50
2.47
2.52
2.49
2.48
2.59
2.58
2.66
2.69
2.74
2.68
2.67
2.79
2.84
2.83
2.83
2.77
2.69
2.63
2.65
2.67
2.61
2.66
2.71
2.73
2.76
2.78
2.76
2.80
2.83
2.87
2.80
2.75
2.77
2.72
2.66
2.68
2.69
2.64
2.77
2.67
2.72
2.64
2.61
2.62
2.74
2.72
2.95
3.28
3.28
3.36
3.40
3.39
3.35
3.41
3.55
3.60
3.63
3.70
3.69
3.76
3.81
3.88
3.82
3.81
3.91
3.96
4.08
4.08
4.08
4.13
4.15
4.15
4.19
4.16
4.17
4.14
4.16
4.19
4.18
4.25
4.24
4.28
4.27
4.21
4.13
4.08
4.11
4.08
4.14
4.12
4.10
4.12
4.08
4.00
3.97
3.91
3.82
3.79
3.73
3.76
3.73
3.76
3.80
3.78
3.83
4.57
4.66
4.53
4.64
4.37
4.29
4.23
4.22
4.26
4.24
4.34
4.22
4.19
4.11
4.03
3.96
3.94
4.01
4.10
4.36
4.40
4.40