6.94
6.95
7.28
7.35
7.39
7.97
7.98
8.13
8.05
8.50
8.30
8.23
7.65
7.52
7.66
7.21
6.85
6.65
6.71
6.83
6.77
6.53
6.56
6.57
7.01
7.11
7.73
7.69
8.18
8.28
8.86
8.48
8.14
8.14
8.32
8.60
8.88
9.11
9.09
8.68
8.98
9.44
9.68
9.81
9.76
9.67
9.62
9.84
10.38
11.00
10.25
10.04
9.60
8.82
8.68
8.79
8.31
8.54
8.57
8.98
8.81
8.32
8.31
8.50
8.28
8.43
8.11
8.08
8.42
8.77
9.05
8.95
9.42
9.29
8.90
8.89
9.38
10.01
9.95
9.88
10.26
9.98
10.08
10.77
10.07
9.81
9.48
9.66
10.16
9.77
11.13
11.78
11.46
11.45
12.57
10.49
10.42
11.17
11.03
11.30
11.07
10.73
10.00
9.23
9.21
8.20
8.02
9.53
9.34
10.09
10.62
11.32
11.94
12.33
12.48
12.04
12.07
12.54
12.66
12.81
12.83
13.15
12.63
12.32
12.13
11.59
11.22
11.53
11.53
11.62
11.91
11.15
11.30
11.05
11.52
11.99
11.99
12.28
12.20
12.10
12.62
12.17
12.11
12.43
12.49
12.53
12.85
12.71
12.87
13.56
13.66
14.00
14.34
15.05
15.42
16.36
15.29
14.56
14.90
14.06
14.31
14.47
14.13
14.26
14.95
15.55
15.85
15.77
15.22
14.23
14.78
12.90
12.79
13.26
13.32
13.53
12.90
13.26
14.07
13.98
15.97
17.25
18.32
18.43
18.00
18.04
18.79
17.92
18.04
18.14
17.58
17.26
16.46
16.76
15.70
16.25
16.16
16.95
16.70
17.11
17.24
17.44
18.30
18.79
17.70
18.35
17.33
17.23
18.12
20.70
22.13
20.29
17.61
21.01
18.88
10.42
1.79
1.76
1.78
1.72
1.84
1.64
1.71
1.77
1.46
1.51
1.70
1.73
1.74
1.75
1.80
1.82
1.83
1.89
1.95
1.94
2.13
6.55
7.03
7.00
7.01
6.92
6.94
6.82
7.21
7.27
7.88
7.98
8.04
7.54
7.50
7.15
7.46
7.49
7.44
7.60
7.80
7.84
8.07
8.32
8.53
8.04
8.14
7.90
7.27
7.30
7.51
7.15
7.25
7.44
7.39
7.44
7.34
7.51
7.40
7.78
7.45
7.06
6.94
6.76
7.10
6.72
6.94
6.76
7.13
7.51
7.47
7.77
7.80
7.91
8.32
7.92
7.58
7.99
8.02
8.35
8.17
8.47
8.25
8.20
8.12
7.79
7.96
8.28
8.22
8.50
8.10
8.69
8.90
9.20
9.02
10.82
11.27
11.04
11.14
11.50
12.08
12.03
11.76
11.26
11.19
10.49
10.06
10.20
10.09
10.22
9.75
9.78
10.28
10.13
10.49
10.45
10.47
10.65
10.48
10.29
10.83
10.52
10.85
10.87
10.99
10.46
10.76
11.02
11.29
10.61
10.75
11.43
10.82
10.26
10.06
10.50
10.36
10.29
9.95
9.97
9.70
9.94
9.51
9.20
8.66
7.93
8.13
7.88
7.63
7.50
7.25
6.81
6.78
6.47
6.59
6.64
6.64
7.40
7.53
7.70
8.17
7.40
7.50
7.68
7.70
7.67
7.71
7.75
7.75
7.63
7.35
7.31
7.50
7.51
8.05
8.06
8.20
8.27
7.89
7.33
7.22
7.12
7.01
7.28
7.17
7.12
7.01
6.75
6.76
6.73
6.63
7.11
7.10
7.11
6.87
6.82
6.94
7.24
7.42
7.17
7.23
7.33
5.99
6.20
5.73
5.61
6.21
6.36
6.55
6.53
6.51
6.51
6.60
6.66
6.66
6.70
6.65
6.64
6.62
6.71
7.12
7.21
7.30
7.26
7.20
7.13
7.16
7.39
7.43
7.50
7.75
8.01
8.14
8.25
8.21
7.64
7.07
6.48
6.29
6.42
6.54
6.55
6.58
6.70
6.87
7.33
7.32
7.36
7.56
7.40
7.50
7.73
7.74
7.74
7.37
7.74
7.76
7.90
7.85
8.00
8.00
8.01
8.07
8.11
8.30
8.15
8.45
8.47
8.89
8.89
8.89
9.10
9.10
9.19
9.10
9.10
9.03
9.43
9.17
9.20
9.26
9.08
9.04
9.11
10.73
10.90