4.55
4.19
4.67
4.89
5.02
5.00
4.98
4.67
4.68
4.78
4.95
5.05
4.86
4.92
4.97
4.94
4.92
4.63
4.61
5.10
5.29
5.69
5.41
5.38
5.02
5.02
4.41
4.52
4.56
5.26
5.71
6.06
6.23
6.44
6.75
6.44
5.72
6.13
5.93
6.08
6.56
6.65
6.85
7.38
5.96
5.93
6.74
6.15
6.91
8.80
8.70
5.92
5.53
4.93
3.39
2.44
2.22
2.19
2.48
2.49
2.48
2.31
2.40
2.27
2.23
2.31
2.30
2.20
2.14
2.11
2.25
2.07
2.06
2.04
2.11
2.05
2.06
2.08
2.10
2.03
2.21
2.15
2.20
2.05
1.83
1.79
1.85
2.20
2.33
2.23
1.89
1.93
2.07
2.17
2.33
2.30
2.20
2.50
2.51
2.75
2.60
2.20
2.05
1.87
1.75
1.55
2.25
2.22
2.50
2.60
2.40
2.55
2.66
2.75
2.82
2.93
3.25
2.86
2.44
2.24
2.32
2.52
2.50
2.56
2.60
2.22
2.36
2.78
3.02
3.25
3.25
3.70
4.00
2.64
2.65
3.24
3.43
2.35
2.75
2.05
1.94
2.40
2.50
2.66
2.60
2.62
2.75
2.75
2.85
2.88
2.95
3.05
3.02
2.97
3.25
3.14
2.88
2.91
2.90
2.78
2.81
2.88
2.92
2.70
2.75
2.95
3.62
3.83
4.39
4.60
4.38
4.36
4.56
4.38
4.65
4.84
4.90
4.86
5.11
4.75
4.51
5.13
5.10
5.18
4.98
4.98
5.62
5.66
5.68
6.12
6.00
4.75
4.58
4.38
4.28
5.11
5.38
5.62
4.88
5.12
5.00
5.50
5.72
5.75
6.20
6.56
6.25
6.75
7.12
7.54
7.25
7.50
7.25
7.75
7.48
7.48
6.75
7.00
6.50
7.12
6.08
6.00
6.20
6.25
5.75
6.35
8.89
8.73
8.98
9.75
10.58
11.00
10.75
11.50
11.12
12.00
11.98
12.40
12.80
13.19
12.80
12.60
13.14
13.28
13.30
13.75
13.62
13.50
13.75
12.96
13.67
13.92
14.24
13.96
14.00
14.47
14.65
13.76
14.82
15.07
15.13
15.00
15.00
15.25
15.10
15.20
14.61
15.23
15.24
15.08
16.16
16.64
16.50
15.49
14.50
16.50
16.80
17.24
17.50
16.75
18.50
18.47
18.55
18.25
19.00
18.82
18.75
19.00
18.95
19.00
18.25
18.25
18.50
18.25
18.75
17.12
17.75
17.10
16.50
16.75
17.25
14.25
14.25
14.25
13.90
14.50
14.56
14.38
14.42
14.25
14.65
14.22
14.03
14.75
16.08
16.50
17.74
17.00
17.75
15.25
19.24
20.00
20.13
22.50
22.00
21.81
22.22
20.98
21.75
21.75
21.88
23.00
23.64
21.50
21.25
21.50
21.25
20.75
21.00
21.50
20.75
20.50
20.00
20.00
20.25
20.00
21.00
22.00
22.75
22.25
22.48
21.50
21.75
22.50
22.75
22.75
24.75
25.50
26.00
26.00
25.25
23.76
23.75
23.15
24.51
24.06
23.00
23.50
23.42
24.06
24.92
26.00
27.00
27.75
28.50
27.75
26.88
26.25
26.75
27.50
27.25
26.50
27.75
27.00
25.75
26.50
25.25
26.00
28.00
26.50
23.50
24.50
23.50
22.25
23.00
24.72
26.00
25.75
25.50
25.25
26.25
26.50
26.75
26.50
25.25
25.50
26.50
27.50
27.75
27.00
27.50
29.00
28.25
29.00
28.62
26.00
26.25
28.50
23.80
24.96
24.50
28.00
29.50
32.50
29.75
28.75
29.50
29.12
29.25
30.75
30.00
29.50
28.50
29.50
29.75
30.00
31.00
31.50
32.25
32.75
33.00
33.25
33.75
33.25
33.50
33.25
33.50
34.75
34.25
36.00
37.50
37.75
36.50
34.50
35.00
35.00
35.00
35.50
35.75
35.75
35.50
34.75
35.50
36.50
38.00
35.50
35.00
34.50
34.75
35.25
37.00
37.00
38.25
39.25
38.00
39.88
46.50
48.75
48.75
51.00
47.75
48.25
50.00
49.75
51.75
56.75
59.25
56.00
55.75
58.75
56.50
53.50
49.50
52.50
48.25
42.27
37.50
36.50
38.75
36.50
37.25
38.50