45.01
45.04
45.12
45.99
45.76
45.55
45.32
45.37
45.04
44.72
44.70
44.60
44.78
44.69
44.38
44.37
43.97
43.95
44.32
44.48
44.75
45.62
45.35
45.83
45.46
45.75
45.24
45.32
45.06
44.98
44.84
44.98
44.80
44.63
44.68
44.53
44.71
44.54
43.66
44.37
46.60
46.22
46.10
45.83
46.04
46.65
46.44
46.87
46.36
46.71
46.53
46.89
46.83
46.39
46.58
46.48
45.80
45.58
45.46
45.50
45.67
45.60
45.77
45.05
45.24
45.29
45.20
45.23
44.81
44.32
44.01
44.11
43.96
43.77
43.69
43.13
43.14
44.16
43.91
43.69
43.94
43.77
43.61
43.49
43.36
43.11
42.41
42.55
43.30
42.65
42.44
42.53
42.72
42.44
43.00
42.92
42.57
42.09
42.08
42.16
42.06
41.39
41.38
41.92
41.50
41.88
41.85
42.12
41.58
41.51
41.62
42.32
42.55
42.40
42.96
43.57
43.71
43.49
43.54
43.67
43.29
42.78
42.50
43.49
43.84
43.07
42.45
42.27
42.76
42.66
43.01
43.20
43.29
42.46
42.77
42.89
42.62
43.15
43.36
43.36
42.96
42.43
43.11
42.28
41.67
41.96
41.38
41.58
42.04
41.77
41.54
41.96
42.33
41.97
42.16
42.24
42.35
42.79
42.73
42.61
42.59
42.79
43.24
42.19
42.29
41.99
42.02
41.92
41.68
41.65
42.00
42.02
41.98
41.52
40.96
41.01
40.39
39.80
40.12
39.66
39.53
39.62
39.15
38.76
38.79
39.19
38.98
39.38
39.15
38.50
38.10
38.13
38.42
38.30
38.90
38.52
39.16
38.90
38.75
39.32
39.45
39.27
38.73
37.99
38.38
39.53
40.55
40.78
41.30
41.35
41.25
41.10
41.26
41.48
41.68
41.77
41.92
42.12
41.85
41.54
41.08
40.56
40.59
40.55
40.54
40.44
40.84
40.90
41.19
41.38
41.25
41.48
41.13
41.17
40.66
40.39
39.92
39.86
40.25
39.42
39.49
39.50
39.23
39.40
40.00
40.02
40.19
40.38
40.48
40.40
40.65
40.08
39.59
39.96
40.10
40.33
40.20
40.16
40.10
40.59
40.87
40.99
40.94
40.96
41.14
41.12
40.99
41.21
41.23
41.35
41.31
41.32
41.52
41.50
41.05
40.69
40.94
40.98
40.70
40.66
40.75
40.96
40.91
40.56
40.49
40.77
40.83
40.89
40.95
41.31
40.78
40.66
40.30
40.60
40.40
40.51
40.70
40.88
41.05
40.89
41.01
41.17
40.68
40.68
40.55
40.51
40.08
40.35
40.45
40.47
40.62
40.65
40.02
40.60
40.51
40.29
39.91
40.57
40.10
40.69
41.39
41.52
42.40
42.50
42.95
43.20
43.30
42.46
42.05
42.13
41.85
41.97
42.11
41.73
41.81
41.99
42.17
42.37
42.40
41.23
41.45
41.79
41.68
41.63
41.59
41.17
42.10
41.92
42.39
43.00
43.31
43.78
43.36
43.16
42.53
42.38
42.56
42.63
42.64
43.03
43.51
42.99
42.46
42.14
42.14
42.22
42.76
42.86
42.96
42.94
42.97
42.35
41.95
42.39
41.55
40.39
40.57
40.91
41.53
41.60
42.04
43.14
43.53
43.50
43.80
44.54
44.55
44.83
44.29
44.43
44.27
44.50
44.25
44.22
43.53
42.92
42.73
42.79
42.71
42.51
42.39
42.32
42.29
42.31
41.82
41.81
41.88
41.40
40.96
40.56
40.76
41.03
40.86
40.62
40.68
43.29
42.88
42.56
43.23
43.64
44.07
44.47
43.87
44.55
43.92
43.60
43.00
42.66
42.74
42.66
42.25
42.20
41.78
42.27
41.89
42.22
42.05
41.79
41.61
41.64
41.50
41.46
41.95
42.17
41.94
41.78
41.84
41.87
41.78
41.64
41.72
41.63
41.60
41.60
41.41
41.12
41.41
41.25
41.26
41.35
40.88
40.18
39.94
39.68
39.57
39.45
39.35
39.92
39.18
39.40
39.29
39.29
39.62
40.35
40.68
41.00
40.97
40.81
41.19
42.40
42.43
42.02
42.12
42.10
42.38
41.97
42.26
41.95
41.94
42.14
42.23
42.29
42.29
42.36
42.19
42.03
41.96
41.85
41.73
41.69
41.79
41.56