49.69
49.83
50.14
51.48
51.62
52.04
52.10
52.13
51.79
52.48
52.85
53.00
52.32
51.89
52.12
51.59
50.03
50.62
50.32
50.81
50.51
51.83
51.08
51.51
51.05
51.02
50.07
50.39
49.94
49.87
49.78
50.61
49.87
49.90
50.94
51.44
52.11
51.78
55.78
55.59
56.39
56.46
55.65
55.36
55.35
54.65
54.31
54.42
54.46
55.12
54.56
55.43
55.57
55.23
55.05
54.71
53.54
54.21
53.97
54.07
53.86
53.49
54.66
54.35
53.59
53.17
53.07
52.05
52.84
51.65
51.03
52.03
52.35
52.95
52.58
50.88
51.30
52.10
51.36
51.18
52.65
51.82
52.19
52.42
51.09
50.50
49.69
49.71
49.28
49.41
50.16
52.00
52.16
53.00
54.71
55.09
52.06
51.22
52.17
51.79
52.29
50.48
50.79
50.56
50.99
53.11
51.64
52.78
52.30
52.33
52.17
54.05
55.05
54.80
55.48
56.31
56.55
55.95
55.67
55.82
55.35
54.83
54.13
55.70
56.13
55.20
55.14
54.06
55.27
54.98
55.79
55.81
55.91
54.20
55.21
55.22
54.35
53.93
53.69
54.25
54.19
54.19
53.94
53.85
52.97
53.76
52.84
53.32
53.65
53.51
54.16
54.92
54.38
54.40
54.15
53.24
52.64
53.36
53.98
53.69
54.25
52.87
48.03
47.20
47.77
47.62
47.51
47.01
46.68
46.89
47.00
47.11
47.45
46.80
46.75
46.63
45.57
44.61
44.26
43.44
43.29
43.94
43.91
43.87
43.90
44.11
43.48
44.25
44.30
43.98
43.04
43.48
43.29
43.07
43.89
42.61
43.50
43.36
41.82
43.52
43.93
43.90
42.71
40.47
41.68
43.07
45.66
46.61
47.27
47.32
47.00
46.73
46.74
46.41
47.33
46.74
46.62
47.58
47.54
46.81
46.70
46.88
46.29
45.34
45.35
45.94
46.11
45.54
47.28
46.92
46.62
46.66
45.76
45.62
45.54
44.61
44.52
44.24
44.30
44.39
44.40
44.44
44.15
44.37
45.26
45.65
45.64
45.91
46.23
46.10
46.72
45.83
45.48
45.97
46.44
46.61
45.65
45.73
46.14
46.36
46.85
46.92
47.23
46.86
47.45
47.61
46.59
46.90
47.42
47.58
47.58
48.01
48.30
48.72
47.62
47.35
47.37
47.75
46.70
46.28
47.60
48.24
48.66
48.64
49.06
49.16
48.03
47.87
43.34
42.98
42.64
42.90
41.62
42.16
42.26
41.65
41.76
41.72
41.48
41.42
41.53
41.54
40.29
40.72
40.66
40.96
40.97
41.21
41.46
42.90
42.86
42.88
42.28
42.50
41.70
41.56
41.38
41.02
41.98
42.03
42.85
42.36
43.11
43.06
43.28
43.88
43.85
44.06
43.99
44.09
44.15
43.86
43.50
43.53
43.58
43.87
43.09
42.38
42.60
42.36
42.41
42.45
41.84
41.60
41.28
40.40
42.01
41.19
42.66
47.01
47.18
47.13
45.92
46.39
46.24
45.48
45.96
46.36
46.60
47.19
47.59
46.23
45.65
46.32
46.76
46.45
47.02
47.45
47.88
48.14
48.45
47.98
47.66
47.52
45.74
45.16
46.67
46.95
47.17
46.90
47.59
47.70
48.42
48.84
48.08
48.46
48.62
47.81
47.75
47.47
47.59
47.98
48.70
48.22
48.74
49.46
49.58
49.61
48.78
48.87
48.89
48.68
48.70
47.86
47.57
47.44
46.95
46.05
46.62
46.49
45.91
46.13
45.02
44.38
44.88
44.08
43.63
42.74
43.22
43.73
43.65
44.03
45.85
46.78
45.53
46.09
46.09
45.76
45.90
46.36
46.44
46.41
46.04
47.08
46.56
47.06
47.52
46.68
46.52
46.76
46.24
46.70
47.00
46.84
46.76
46.47
45.91
45.26
44.96
45.09
45.43
44.88
44.87
45.00
45.17
45.15
45.22
44.95
45.33
45.11
44.79
44.27
44.08
43.52
43.20
43.20
43.23
42.74
43.08
43.37
42.86
43.16
43.58
43.88
43.97
44.50
44.40
44.87
44.83
44.84
44.69
44.53
44.08
42.45
42.14
42.09
41.68
41.67
41.78
41.99
41.80
41.90
41.87
41.70
42.25
41.72
42.03
41.74
41.99
41.68
41.51
41.65