94.29
94.12
93.85
93.75
97.09
97.86
99.89
100.74
99.59
101.25
101.51
102.57
103.30
102.81
100.20
97.89
94.89
92.49
89.55
90.50
88.63
89.12
87.88
87.74
90.02
92.89
90.54
90.84
89.37
90.79
91.54
93.11
90.03
90.28
91.04
92.43
93.56
95.90
94.98
96.77
94.34
108.40
111.51
110.42
109.65
106.98
102.68
103.81
104.45
104.83
104.94
104.35
105.70
102.23
102.19
104.13
101.21
98.36
99.59
99.84
101.06
101.12
99.72
99.35
97.86
98.13
97.66
97.36
98.00
96.23
95.49
101.58
97.93
97.61
98.30
93.41
94.79
94.53
91.61
89.12
91.93
89.23
90.49
94.76
89.05
87.40
86.35
88.45
86.13
83.32
82.79
89.71
90.74
91.49
94.09
91.84
94.41
91.15
97.83
99.12
100.72
102.35
107.74
107.89
104.04
107.06
106.56
116.58
114.97
111.39
114.56
117.68
107.66
109.96
114.38
116.71
119.12
117.11
117.33
118.16
116.24
116.63
118.02
122.51
122.64
118.60
120.67
118.91
122.91
124.20
126.98
125.36
130.93
126.81
128.93
125.37
123.33
125.44
124.16
123.31
125.03
123.84
120.22
120.63
117.10
111.35
103.65
108.92
112.86
112.70
109.86
114.06
113.50
114.05
109.74
107.64
108.38
105.12
105.80
103.07
103.04
100.04
97.32
97.96
98.99
101.69
98.99
101.09
110.23
109.73
113.45
113.33
114.93
108.10
108.33
111.25
106.11
105.98
103.26
98.35
99.47
102.24
103.76
98.07
98.47
100.30
102.62
104.21
104.08
99.16
95.69
97.51
99.48
99.18
94.95
98.79
101.06
105.44
105.79
115.03
117.63
117.66
110.13
101.52
96.88
103.96
112.49
122.06
124.05
125.36
123.39
123.73
120.51
122.74
123.03
123.52
126.45
123.71
121.15
112.56
114.31
111.56
107.08
106.90
106.43
109.34
110.10
111.50
112.51
110.55
114.77
115.81
98.13
100.37
101.09
97.23
95.73
93.51
94.09
94.57
94.04
93.64
93.85
92.23
93.09
94.89
96.94
97.31
96.41
93.87
94.74
95.27
93.43
94.42
95.09
95.87
92.45
89.60
90.46
89.35
88.81
89.13
89.00
89.15
89.51
89.86
87.99
88.84
89.00
88.79
88.07
88.27
87.61
83.84
82.87
83.38
84.28
82.09
80.75
80.08
80.79
79.30
79.58
79.50
80.41
80.44
80.87
79.77
79.87
79.67
80.06
81.06
81.65
80.29
67.92
68.39
67.81
64.94
62.79
63.05
60.49
60.33
59.15
59.02
59.53
60.37
59.25
59.75
60.25
62.61
60.71
61.18
60.74
60.45
59.79
60.28
62.63
64.05
62.88
62.15
63.66
64.87
66.81
67.11
67.82
68.61
67.84
69.00
68.33
67.84
67.41
68.31
67.80
67.87
67.14
66.59
65.25
64.98
64.85
63.30
63.48
64.13
64.10
65.27
63.01
63.11
63.40
63.21
64.88
63.79
62.49
61.21
58.47
49.80
48.19
46.25
46.32
46.26
45.55
47.04
47.78
46.74
46.50
47.31
49.85
48.80
49.03
48.85
48.58
48.87
48.06
48.10
48.59
47.77
47.66
45.21
46.72
47.78
47.80
47.76
49.11
48.50
50.13
50.09
50.73
50.33
48.83
49.51
50.17
49.86
50.92
51.47
52.59
51.87
54.43
54.45
55.15
54.20
54.84
54.65
55.32
54.88
54.76
54.34
54.68
55.49
56.11
54.14
54.01
55.17
54.20
55.00
54.72
53.52
52.28
51.32
51.01
51.67
64.08
64.16
62.65
64.58
65.95
66.69
65.18
66.21
65.65
64.28
62.69
64.45
64.22
64.11
63.36
64.37
63.41
63.25
65.36
65.57
64.93
65.27
65.39
68.08
68.79
69.20
68.43
68.48
67.95
67.52
68.20
68.09
68.23
67.89
67.81
68.48
68.70
68.46
67.44
67.46
66.88
66.57
65.58
64.41
64.50
63.77
64.51
63.69
64.24
61.47
60.41
60.39
60.77
60.39
62.05
60.61
60.67
60.27
60.77
61.13
61.58
64.56
63.45
62.77
63.49
64.16
64.65
62.85
62.65
63.29
63.58
65.80
67.48
66.68
67.59
62.94
63.15
62.80
63.46
62.34
62.79
62.88
63.06
64.10