102.86
103.23
103.06
103.31
103.66
103.18
102.49
102.70
102.53
102.00
101.57
101.17
101.96
101.90
101.09
101.09
100.42
100.10
101.33
100.91
102.37
104.13
104.18
106.10
105.72
106.57
105.28
104.96
104.21
104.02
103.56
103.43
102.96
102.97
102.63
102.60
102.80
101.98
100.99
102.44
104.32
103.72
103.77
103.16
104.12
104.91
104.30
105.08
103.60
103.92
103.10
103.82
103.78
102.48
102.69
101.37
100.98
100.68
100.81
100.77
101.54
101.29
101.87
100.83
101.15
100.65
101.31
100.78
100.20
99.74
99.25
100.00
99.16
98.33
99.09
97.82
98.36
100.67
99.68
99.54
99.87
99.58
99.62
99.55
98.60
98.49
96.90
97.62
98.28
97.52
97.32
97.39
98.72
98.21
99.03
99.30
97.45
95.94
96.32
95.94
95.85
94.47
93.77
95.77
93.93
95.81
96.50
97.62
97.44
97.21
97.57
99.48
99.45
98.77
99.92
101.15
101.45
100.68
100.54
100.64
99.80
98.62
97.90
100.20
101.08
99.39
97.95
97.78
98.90
99.13
100.17
100.67
101.06
99.09
99.48
101.06
100.16
100.74
100.50
100.63
100.85
100.10
100.93
100.27
98.83
99.56
98.04
98.37
99.43
98.83
98.88
99.72
100.61
100.62
100.92
101.40
102.19
102.80
102.74
102.94
102.54
102.43
103.08
100.25
100.27
100.18
99.70
98.28
97.49
97.92
99.14
99.47
98.97
98.52
97.07
95.81
94.16
93.85
94.30
93.04
92.47
93.47
92.47
92.40
92.37
93.71
93.05
93.37
93.07
92.06
91.20
91.62
91.06
90.83
92.37
90.92
92.13
91.64
91.33
92.93
93.53
93.60
92.49
89.64
91.83
96.25
97.98
98.99
99.77
99.86
99.23
98.79
98.38
98.62
99.09
99.10
99.15
99.19
97.81
97.45
96.35
96.63
96.53
96.11
95.66
96.18
96.87
97.17
96.93
97.31
96.78
96.90
96.35
97.13
97.22
95.55
94.59
95.61
96.40
94.40
94.66
94.52
93.34
93.69
94.91
94.83
95.29
95.60
95.60
94.86
95.23
93.55
92.64
93.74
94.09
93.69
93.07
92.84
93.05
94.14
95.30
96.05
95.97
96.43
97.06
96.38
95.79
96.26
97.20
97.69
97.95
98.05
98.22
98.00
96.41
96.20
96.35
96.55
95.15
95.48
95.42
95.95
95.56
95.12
94.38
94.42
94.49
95.17
95.73
97.28
96.78
96.50
95.81
96.45
96.63
96.49
95.53
96.20
96.35
96.03
96.21
96.48
95.69
95.09
95.62
96.52
95.95
95.63
95.26
95.86
95.85
95.34
94.10
94.64
94.13
95.45
94.32
95.71
93.63
94.43
96.04
96.17
97.23
97.36
98.40
99.00
98.98
99.07
99.50
99.58
99.45
99.06
98.72
99.33
98.36
99.13
100.27
100.40
97.99
95.97
96.71
96.61
96.60
96.20
95.33
93.78
96.03
95.72
96.72
98.69
98.53
98.90
97.40
97.51
97.29
96.67
96.67
96.35
96.42
96.82
97.48
95.74
93.02
93.73
94.44
94.56
95.96
96.73
97.05
97.09
97.36
96.62
95.44
95.36
93.72
92.59
94.14
94.74
96.29
96.18
97.13
97.78
97.76
97.75
98.32
100.39
99.67
100.10
99.35
98.93
98.68
98.89
98.06
98.41
97.94
98.42
97.72
98.54
97.16
96.70
96.97
96.80
96.81
96.89
96.73
95.83
96.17
95.65
94.69
95.26
94.62
94.60
93.76
94.46
93.73
93.55
91.51
90.79
91.77
93.01
93.94
94.65
93.57
93.94
93.10
93.37
93.50
92.58
92.65
93.09
93.15
93.13
92.67
93.50
92.93
93.58
93.79
93.37
92.85
92.57
91.20
90.87
91.65
91.79
91.42
91.86
91.75
91.85
92.75
92.48
92.49
92.58
92.23
92.60
93.19
91.60
92.05
92.23
91.86
92.15
91.85
91.79
91.74
91.21
91.79
90.29
89.90
90.51
89.20
89.69
88.11
88.10
88.91
90.14
90.97
91.55
91.91
90.82
89.17
89.91
90.09
89.99
90.50
90.34
91.08
89.85
90.10
89.77
89.73
89.86
90.02
89.67
89.13
89.34
88.76
88.61
88.58
88.05
88.39
89.10
90.10
88.90