40.29
40.38
40.19
40.33
40.09
39.86
39.79
39.34
39.21
38.84
38.73
39.15
38.99
38.84
38.62
38.50
38.32
38.45
38.44
38.45
39.11
39.28
39.15
39.55
39.18
39.31
38.86
38.99
38.74
38.88
38.91
39.10
38.82
38.64
38.72
38.09
38.21
38.07
37.86
38.72
38.92
38.65
38.48
38.42
38.25
38.67
38.39
38.50
38.59
38.64
39.19
39.36
39.05
39.17
39.37
39.45
39.07
38.88
38.54
38.63
38.92
38.56
39.12
38.77
38.52
38.32
38.36
38.31
37.98
38.09
38.13
37.93
37.99
37.69
37.39
36.95
37.13
37.37
37.10
36.74
36.86
36.57
36.99
36.64
36.65
36.47
36.21
36.43
36.65
37.11
36.88
36.53
36.72
36.06
36.18
36.06
35.53
35.48
35.40
35.00
35.14
34.54
33.90
34.51
33.99
34.30
33.74
33.90
33.95
33.54
33.51
34.06
34.59
34.35
34.41
34.74
34.93
34.76
34.66
34.78
34.41
34.09
33.60
34.03
34.40
33.81
33.60
33.17
33.67
33.57
33.85
34.27
34.11
33.10
33.56
33.77
33.67
33.57
33.45
33.39
33.46
33.66
33.62
33.54
33.26
33.04
32.31
32.69
32.92
32.79
32.84
33.16
33.34
33.48
33.63
33.61
33.51
33.55
33.42
33.21
33.66
33.74
33.96
33.60
33.75
33.63
33.83
33.49
33.27
33.22
33.30
33.14
33.40
33.12
33.31
33.43
32.64
32.53
32.58
32.07
31.90
32.33
32.11
32.20
32.27
32.56
32.55
32.78
32.94
32.86
32.55
32.72
32.75
32.78
33.14
32.56
33.04
32.82
32.32
33.20
33.29
33.44
32.69
31.80
32.37
33.38
33.95
34.36
34.35
34.23
34.05
33.81
34.02
34.65
34.78
34.21
34.24
34.57
34.58
34.66
34.74
34.80
34.69
34.33
34.32
34.29
33.93
34.27
34.57
34.90
35.01
35.16
34.73
35.12
34.88
34.65
34.39
34.79
35.77
35.61
35.73
35.57
35.52
35.77
36.12
36.18
35.78
35.91
35.04
34.99
35.02
34.67
34.41
34.65
34.88
34.72
34.51
34.59
34.57
35.27
35.03
34.36
34.35
34.54
34.80
34.95
34.67
34.71
35.07
34.62
34.37
34.87
34.33
34.13
33.90
33.66
33.49
33.69
33.37
33.38
33.72
34.53
34.42
34.64
34.76
34.86
34.09
34.01
34.23
32.86
32.66
32.83
32.51
32.75
32.89
32.69
32.88
32.77
32.69
32.65
33.16
33.33
33.13
32.89
32.65
32.97
32.75
32.82
32.62
33.07
33.28
33.23
33.20
33.59
32.90
33.06
32.76
33.13
32.62
32.78
33.35
33.48
34.00
34.00
34.41
34.64
34.56
34.50
34.21
34.05
33.85
34.08
34.09
34.49
34.71
34.66
34.61
34.39
34.85
34.64
34.87
34.54
34.41
34.34
33.56
32.92
32.96
32.68
32.81
33.18
33.37
33.79
34.00
33.95
33.80
33.26
33.33
33.49
33.49
33.40
33.50
33.17
33.60
33.55
33.87
33.59
34.08
34.11
34.17
33.96
34.03
33.85
33.54
33.51
32.67
32.14
32.25
32.16
32.71
32.49
32.89
33.88
33.94
33.91
34.00
34.29
35.06
35.38
35.13
34.82
34.70
35.28
35.28
35.37
35.72
35.85
35.90
35.61
35.40
35.10
35.12
34.91
34.72
34.92
34.79
34.84
34.84
34.51
34.40
34.33
34.11
33.87
33.66
34.50
34.62
34.28
34.08
33.64
33.87
33.84
33.82
34.25
34.66
35.15
35.33
35.49
35.36
34.97
34.96
35.24
35.23
35.28
35.08
35.40
35.26
35.50
35.47
35.16
35.02
34.95
34.69
34.50
34.85
34.70
34.66
35.01
35.15
34.94
34.97
34.84
34.96
34.74
34.75
34.50
34.51
34.50
34.64
34.53
34.48
34.65
34.74
34.91
34.69
34.64
34.47
34.47
34.21
34.62
35.11
35.46
35.33
35.59
36.36
36.59
35.65
35.54
35.50
35.88
35.94
35.96
36.17
36.03
36.45
36.24
35.86
35.76
35.70
35.65
35.56
36.02
35.84
35.67
35.48
35.36
35.41
35.26
35.26
35.29
35.39
35.39
35.36
35.20