0.28
0.29
0.29
0.29
0.31
0.33
0.35
0.36
0.37
0.36
0.32
0.33
0.30
0.32
0.34
0.28
0.26
0.25
0.25
0.25
0.25
0.20
0.21
0.22
0.22
0.25
0.25
0.26
0.27
0.28
0.29
0.27
0.31
0.36
0.38
0.35
0.49
0.30
0.22
0.22
0.23
0.23
0.22
0.22
0.17
0.17
0.18
0.16
0.16
0.16
0.16
0.17
0.18
0.18
0.18
0.18
0.18
0.19
0.18
0.20
0.21
0.18
0.17
0.19
0.21
0.16
0.17
0.16
0.18
0.20
0.21
0.18
0.12
0.11
0.10
0.11
0.11
0.11
0.13
0.13
0.14
0.14
0.15
0.15
0.15
0.15
0.14
0.15
0.15
0.16
0.20
0.14
0.15
0.16
0.20
0.25
0.26
0.26
0.30
0.31
0.30
0.29
0.27
0.29
0.28
0.29
0.34
0.32
0.30
0.32
0.41
1.70
1.84
1.85
1.73
1.42
1.47
1.42
1.45
1.44
1.45
1.44
1.38
1.39
1.37
1.40
1.38
1.44
1.51
1.48
1.50
1.62
1.75
1.90
2.07
2.14
2.19
1.99
1.84
1.79
1.72
1.64
1.71
1.68
1.69
1.56
1.69
1.66
1.74
1.70
1.75
1.82
1.82
1.83
1.84
1.84
1.84
1.84
1.85
1.81
1.97
1.87
1.99
2.02
2.12
2.13
2.14
2.04
2.00
2.05
2.10
2.01
1.93
1.91
1.82
1.90
1.86
1.85
1.85
1.86
1.89
2.00
2.01
2.10
2.09
2.16
2.24
2.19
2.28
2.26
2.28
2.30
2.31
2.30
2.29
2.25
2.26
2.46
2.32
2.32
2.34
2.27
2.18
2.15
2.12
2.15
2.31
2.32
2.40
2.41
2.49
2.36
2.43
2.44
2.55
2.53
2.56
2.50
2.71
2.35
2.35
2.44
2.47
2.42
2.45
2.53
2.56
2.52
2.71
2.80
2.85
2.84
2.85
2.81
2.80
2.80
2.37
2.33
2.49
2.51
2.42
2.36
2.34
2.35
2.32
2.34
2.35
2.33
2.33
2.48
2.26
2.26
2.30
2.30
2.29
2.30
2.29
2.35
2.41
2.36
2.45
2.37
2.45
2.32
2.33
2.31
2.31
2.32
2.24
2.28
2.36
2.41
2.35
2.42
2.53
2.70
2.53
2.52
2.61
2.40
3.78
3.92
3.90
4.35
4.15
4.05
4.28
4.31
4.82
4.70
4.91
4.66
4.08
4.13
4.30
4.19
4.12
4.11
4.20
4.19
4.17
4.15
4.03
4.40
4.38
4.54
4.52
4.26
4.24
4.67
4.31
4.30
4.49
4.51
4.55
4.54
4.37
4.77
4.79
4.86
4.90
4.90
4.99
5.06
4.70
4.78
4.82
4.83
4.87
4.99
5.00
4.94
4.96
5.23
5.19
5.12
4.76
4.78
4.72
4.92
5.02
5.14
4.52
4.63
4.87
4.96
5.00
5.25
5.70
5.50
5.83
5.61
5.58
6.01
6.03
6.05
6.09
6.21
6.10
5.45
5.45
5.32
4.87
5.30
5.19
4.82
4.50
4.45
4.55
4.45
4.54
4.67
4.83
5.05
4.30
4.46
5.85
6.02
6.07
6.20
6.15
6.12
5.95
5.44
4.77
5.01
4.86
4.84
4.91
4.84
4.86
4.98
4.76
4.85
4.61
4.52
4.14
4.09
3.97
3.94
3.93
3.95
3.83
3.87
3.90
3.83
3.88
3.89
3.86
3.98
4.00
3.98
3.86
3.99
4.13
4.13
3.87
3.70
3.62
3.63
3.60
3.71
3.97
4.00
4.08
4.13
4.14
4.26
4.18
4.16
4.28
4.16
4.17
4.12
3.95
3.61
3.75
3.93
4.10
4.22
4.44
4.48
4.62
4.73
4.63
4.70
4.77
4.85
4.70
4.45
4.45
4.42
4.48
4.49
4.46
4.40
4.38
4.47
4.49
4.43
4.48
4.43
4.49
4.50
4.59
4.45
4.76
4.54
4.42
4.52
4.57
4.72
4.87
4.92
5.07
5.04
5.03
5.06
5.14
4.92
4.82
4.81
4.84
4.76
4.96
5.14
5.12
5.25
5.35
5.49
5.84
5.97
6.03
5.89
5.47
5.29
5.10
5.04
5.25
5.56
5.77
5.84