8.01
7.99
7.89
7.59
7.82
8.00
7.56
7.63
7.53
7.71
8.09
8.13
8.30
8.10
8.26
8.17
8.16
8.20
8.17
8.27
8.23
8.37
8.28
8.33
9.16
8.63
8.32
8.31
8.33
8.20
8.26
8.44
8.57
8.88
8.89
9.12
9.20
9.21
9.19
9.17
9.14
9.07
9.09
9.22
8.98
8.75
8.66
8.82
9.23
9.34
9.02
9.26
9.42
9.07
9.16
8.89
8.71
8.74
8.73
9.24
9.27
9.15
8.52
8.54
8.56
8.93
8.69
8.60
8.79
8.77
9.24
9.02
8.69
8.69
8.41
8.30
8.37
8.11
7.85
7.97
8.34
7.97
7.75
8.05
7.97
7.89
7.49
7.82
8.65
8.89
9.15
9.20
8.91
8.87
8.97
9.15
8.60
8.76
8.80
8.67
8.57
8.26
8.18
8.40
8.67
8.64
8.40
8.88
8.62
8.86
8.97
9.61
10.20
10.53
11.52
11.30
10.84
10.31
10.21
10.26
10.47
10.46
10.07
10.22
10.42
10.26
10.17
10.03
10.24
9.98
10.45
9.61
9.85
9.71
9.90
9.66
9.40
10.11
9.85
9.01
8.58
8.66
7.86
7.52
7.30
7.55
7.78
8.42
8.47
8.06
7.95
7.69
7.99
8.00
8.31
8.54
7.77
8.49
9.06
7.55
7.24
6.87
5.51
5.84
6.03
6.26
6.79
6.51
5.75
5.15
4.59
4.57
4.62
4.51
4.04
3.97
4.00
4.08
4.04
4.20
4.31
4.40
4.73
3.82
3.82
3.88
4.04
3.53
3.40
3.21
3.22
3.40
3.04
3.16
3.33
3.36
3.45
3.62
3.30
3.74
3.41
3.65
3.31
3.42
3.65
17.68
16.07
16.15
16.75
15.85
14.53
13.90
15.92
18.90
20.18
19.06
18.68
18.87
17.78
18.50
16.22
13.73
14.01
13.99
13.96
13.74
17.08
17.30
19.02
19.92
22.60
23.33
23.10
26.71
25.11
25.82
24.48
22.72
23.89
23.53
21.09
21.87
21.10
20.01
20.14
20.55
21.82
22.71
21.98
21.50
21.41
21.61
22.47
23.27
24.00
24.06
23.66
23.05
22.79
22.37
22.48
21.49
21.71
21.70
21.60
21.71
21.15
21.99
21.04
21.81
22.14
22.23
22.60
23.50
22.73
24.50
24.07
24.46
23.92
23.63
24.30
24.51
24.48
24.31
26.92
27.73
28.65
29.37
29.18
28.21
27.62
27.23
26.83
27.53
27.11
27.86
26.48
25.69
26.15
25.68
24.51
24.08
24.04
24.01
25.01
25.46
25.50
26.01
25.00
26.13
24.48
24.86
27.37
27.31
27.87
28.12
26.81
27.27
25.96
24.73
24.50
23.82
23.59
22.98
22.51
22.37
22.15
22.39
22.53
22.35
22.20
21.96
21.20
20.95
21.40
21.43
21.24
20.70
20.89
21.05
20.74
20.88
19.93
20.43
19.75
19.74
20.95
19.58
21.11
21.91
21.56
21.22
21.61
22.73
22.27
21.90
23.10
21.89
21.92
22.98
23.07
21.73
21.92
23.89
24.79
24.93
25.43
25.41
25.49
25.06
25.23
25.19
25.41
24.74
24.54
21.85
22.00
20.72
20.70
19.87
20.79
20.13
20.65
19.85
20.48
20.74
20.52
20.71
20.23
19.69
19.15
18.53
19.12
18.91
19.57
19.03
18.76
17.82
17.86
16.86
18.13
17.14
16.92
17.05
17.40
17.35
17.26
18.04
17.89
18.28
17.50
17.99
16.41
16.84
16.85
16.24
15.05
15.60
15.02
14.84
16.00
13.58
15.18
15.97
16.75
17.04
16.88
18.02
18.96
20.41
20.08
19.17
18.45
17.93
17.05
18.28
20.11
21.12
21.36
21.81
22.73
23.25
24.11
23.89
23.01
22.78
22.88
23.31
23.06
22.94
23.98
24.57
24.83
25.05
24.04
23.34
24.35
25.06
25.90
25.94
25.00
24.89
24.48
23.19
23.31
22.28
21.01
21.90
22.63
22.91
22.77
22.90
24.81
24.66
25.71
24.95
25.79
25.01
26.71
27.27
27.71
27.15
27.00
25.34
25.65
23.52
23.88
25.17
24.20
24.10
27.22
27.25
25.74
27.24
28.15
27.83
27.50
28.22
29.10
26.33
23.49
30.52