52.84
52.99
52.57
52.67
51.95
51.52
51.75
50.71
50.92
50.77
50.43
50.90
50.62
50.16
49.85
49.58
49.14
49.66
49.63
50.39
50.90
51.23
50.94
51.47
51.15
51.54
51.08
51.12
50.84
50.84
50.68
51.32
50.94
51.02
51.69
50.44
50.76
50.55
50.03
51.75
52.08
51.73
51.35
51.36
51.29
51.95
51.61
52.18
52.00
53.52
54.09
54.42
54.01
54.08
54.04
54.05
53.40
53.56
52.91
53.21
53.44
53.24
53.63
53.21
52.67
52.54
52.53
52.32
52.34
52.46
52.21
51.81
51.89
52.12
51.46
50.73
51.02
51.11
50.82
50.63
51.07
50.86
50.94
50.32
50.24
50.11
49.39
49.98
50.15
50.74
50.97
50.43
50.62
49.91
50.76
49.97
49.01
49.03
48.25
47.03
47.04
45.87
44.42
44.87
44.43
44.87
44.15
44.93
45.09
44.83
45.27
45.52
46.50
45.87
46.22
46.77
47.21
46.75
46.71
46.95
46.34
45.90
45.56
46.10
46.51
45.55
45.45
44.82
45.32
45.36
45.70
46.06
45.71
44.56
44.92
45.58
45.45
45.23
44.92
45.19
44.99
45.39
45.76
45.38
45.08
45.04
44.23
44.83
45.32
45.10
45.30
45.78
46.20
46.14
46.45
46.78
46.88
46.40
46.48
46.17
46.36
46.16
45.89
44.86
45.24
44.70
44.70
44.67
43.99
44.36
44.30
44.16
44.23
43.85
44.06
44.00
42.84
42.96
43.51
43.53
43.74
44.22
44.09
43.98
44.43
44.80
44.57
45.23
46.19
46.37
45.65
45.73
45.46
45.39
45.88
44.82
45.72
45.35
44.90
46.01
46.07
46.19
45.16
43.50
44.74
46.10
46.88
47.44
47.46
47.52
47.49
47.66
47.85
47.60
47.23
46.36
46.63
46.64
46.67
46.97
46.79
46.67
46.56
45.89
45.83
46.04
46.35
46.45
46.97
48.10
47.59
47.83
47.33
47.41
47.20
47.00
46.26
46.58
47.25
47.04
47.20
47.00
46.61
46.77
47.62
47.44
47.29
47.77
47.53
47.46
47.77
47.42
47.00
47.25
47.76
47.47
47.34
47.44
47.23
48.10
49.08
49.14
49.22
49.44
49.54
49.57
49.42
49.61
49.90
49.69
49.55
49.60
49.79
49.97
49.73
49.62
49.80
50.14
49.73
49.64
50.09
50.52
50.41
50.44
50.47
50.55
50.08
50.03
50.05
49.57
49.17
49.38
48.90
49.27
49.39
49.18
49.04
49.22
49.01
49.13
49.27
49.63
49.47
48.92
48.63
49.12
48.56
48.42
48.73
49.41
49.64
49.56
49.30
49.54
48.95
49.27
48.84
48.73
47.68
47.51
48.23
48.29
48.92
49.07
49.55
49.47
49.45
49.37
49.20
49.22
48.77
48.97
48.91
48.94
49.18
49.31
49.52
49.81
49.51
49.09
49.33
47.86
47.80
47.83
46.98
45.71
46.11
46.05
46.35
46.96
47.15
47.80
48.25
48.18
47.99
47.10
46.97
47.18
47.08
46.76
47.18
46.19
47.04
46.57
46.96
46.78
47.33
47.55
47.86
47.67
47.67
47.51
47.02
47.05
46.44
45.53
45.42
45.58
46.36
46.18
46.92
48.90
48.61
48.78
48.79
49.11
50.03
50.59
50.04
49.34
49.50
50.21
50.19
50.49
51.22
51.40
51.50
51.20
50.82
50.61
50.72
50.86
50.28
50.34
50.33
50.39
50.25
49.90
49.83
49.96
49.42
48.77
48.22
48.31
48.69
48.48
48.07
47.67
47.92
48.22
48.37
48.94
48.93
49.87
49.68
50.08
49.71
49.29
49.43
49.99
49.75
49.77
49.61
50.07
49.91
50.18
50.35
49.69
49.21
48.96
48.56
48.40
49.01
48.75
48.90
49.53
49.94
49.72
49.88
49.77
49.82
49.41
49.43
49.25
49.15
48.64
48.87
48.82
48.70
48.78
48.80
49.00
48.92
48.84
48.67
48.70
48.65
49.13
49.66
50.21
49.83
50.42
51.76
51.97
51.58
51.28
51.05
50.91
50.98
50.70
50.75
50.32
50.96
50.71
50.53
50.32
49.64
48.90
48.76
49.75
49.71
49.66
49.37
48.93
49.32
49.21
49.41
49.28
49.73
49.39
49.47
49.42